129.0   0.5
129.0   1.5
129.0   -0.5
129.0   -1.5
129.4   2.5
130.0   0.5
130.0   1.5
130.0   -0.5
130.0   -1.5
130.4   2.5
131.0   0.5
131.0   1.5
131.0   -0.5
131.0   -1.5
131.4   2.5
132.0   0.5
132.0   1.5
132.0   -0.5
132.0   -1.5
132.4   2.5
133.0   0.5
133.0   1.5
133.0   -0.5
133.0   -1.5
133.4   2.5
134.0   0.5
134.0   1.5
134.0   -0.5
134.0   -1.5
134.4   2.5
135.0   0.5
135.0   1.5
135.0   -0.5
135.0   -1.5
135.4   2.5
136.0   0.5
136.0   1.5
136.0   -0.5
136.0   -1.5
136.4   2.5
137.0   0.5
137.0   1.5
137.0   -0.5
137.0   -1.5
137.4   2.5
138.0   0.5
138.0   1.5
138.0   -0.5
138.0   -1.5
138.4   2.5
139.0   0.5
139.0   1.5
139.0   -0.5
139.0   -1.5
139.4   2.5
140.0   0.5
140.0   1.5
140.0   -0.5
140.0   -1.5
140.4   2.5
141.0   0.5
141.0   1.5
141.0   -0.5
141.0   -1.5
141.4   2.5
150.1   2.2
156.0   0.5
156.0   1.5
156.0   -0.5
156.0   -1.5
157.0   0.5
157.0   1.5
157.0   -0.5
157.0   -1.5
157.4   2.5
157.4   -2.5
158.0   0.5
158.0   1.5
158.0   -0.5
158.0   -1.5
158.4   2.5
158.4   -2.5
159.0   0.5
159.0   1.5
159.0   -0.5
159.0   -1.5
159.4   2.5
159.4   -2.5
160.0   0.5
160.0   1.5
160.0   -0.5
160.0   -1.5
160.4   2.5
161.0   0.5
161.0   1.5
161.0   -0.5
161.0   -1.5
161.4   2.5
161.4   -2.5
162.0   0.5
162.0   1.5
162.0   -0.5
163.0   0.5
163.0   1.5
163.0   -0.5
163.0   -1.5
164.0   0.5
164.0   1.5
164.0   -0.5
164.0   -1.5
165.0   0.5
165.0   1.5
165.0   -0.5
165.0   -1.5
166.0   0.5
166.0   1.5
166.0   -0.5
166.5   2.5
167.0   0.5
167.0   1.5
167.0   -0.5
167.0   -1.5
167.5   2.5
167.5   -2.5
168.0   0.5
168.0   1.5
168.0   -0.5
168.0   -1.5
168.5   2.5
168.5   -2.5
169.0   0.5
169.0   1.5
169.0   -0.5
169.0   -1.5
169.5   2.5
169.5   -2.5
170.0   0.5
170.0   1.5
170.0   -0.5
170.5   2.5
170.5   -2.5
171.0   0.5
171.0   1.5
171.0   -0.5
171.5   -2.5
172.0   0.5
172.0   1.5
172.0   -0.5
172.0   -1.5
172.5   2.5
172.5   -2.5
173.0   0.5
173.0   1.5
173.0   -0.5
173.0   -1.5
173.5   2.5
173.5   -2.5
174.0   0.5
174.0   1.5
174.0   -0.5
174.0   -1.5
174.5   2.5
174.5   -2.5
175.0   0.5
175.0   1.5
175.0   -0.5
175.0   -1.5
175.5   2.5
175.5   -2.5
176.0   0.5
176.0   1.5
176.0   -0.5
176.0   -1.5
176.5   2.5
176.5   -2.5
177.0   0.5
177.0   1.5
177.0   -0.5
177.0   -1.5
177.5   2.5
177.5   -2.5
178.0   0.5
178.0   1.5
178.0   -0.5
178.0   -1.5
178.5   2.5
178.5   -2.5
179.0   0.5
179.0   1.5
179.0   -0.5
179.0   -1.5
179.5   2.5
179.5   -2.5
180.0   0.5
180.0   1.5
180.0   -0.5
180.0   -1.5
180.5   2.5
180.5   -2.5
181.0   0.5
181.0   1.5
181.0   -0.5
181.0   -1.5
181.5   2.5
181.5   -2.5
182.0   0.5
182.0   1.5
182.0   -0.5
182.0   -1.5
182.5   2.5
182.5   -2.5
183.0   0.5
183.0   1.5
183.0   -0.5
183.0   -1.5
183.5   2.5
183.5   -2.5
184.0   0.5
184.0   1.5
184.0   -0.5
184.0   -1.5
184.5   2.5
184.5   -2.5
185.0   0.5
185.0   1.5
185.0   -0.5
185.0   -1.5
185.5   2.5
185.5   -2.5
186.0   0.5
186.0   1.5
186.0   -0.5
186.0   -1.5
186.5   2.5
186.5   -2.5
187.0   0.5
187.0   1.5
187.0   -0.5
187.0   -1.5
187.5   2.5
187.5   -2.5
188.0   0.5
188.0   1.5
188.0   -0.5
188.5   2.5
189.0   0.5
189.0   1.5
189.0   -0.5
189.5   2.5
190.0   0.5
190.0   1.5
190.0   -0.5
190.5   2.5
191.0   0.5
191.0   1.5
191.0   -0.5
191.5   2.5
192.0   0.5
192.0   1.5
192.0   -0.5
192.5   2.5
193.0   0.5
193.0   1.5
193.0   -0.5
193.5   2.5
194.0   0.5
194.0   1.5
194.0   -0.5
194.5   2.5
195.0   0.5
195.0   -0.5
195.5   2.5
196.0   0.5
196.0   1.5
196.0   -0.5
196.5   2.5
197.0   0.5
197.0   1.5
197.0   -0.5
197.5   2.5
198.0   0.5
198.0   1.5
198.0   -0.5
198.6   2.5
199.0   0.5
199.0   1.5
199.0   -0.5
199.6   2.5
200.0   0.5
200.0   1.5
200.0   -0.5
200.6   2.5
200.6   -2.5
201.0   0.5
201.0   1.5
201.0   -0.5
201.6   2.5
201.6   -2.5
202.0   1.5
202.0   -0.5
202.6   2.5
202.6   -2.5
203.0   0.5
203.0   1.5
203.0   -0.5
203.6   2.5
204.0   0.5
204.0   1.5
204.0   -0.5
204.0   -1.5
204.6   -2.5
205.0   1.5
205.0   -0.5
205.0   -1.5
205.6   2.5
206.0   0.5
206.0   1.5
206.0   -0.5
206.0   -1.5
206.6   -2.5
207.0   0.5
207.0   1.5
207.0   -0.5
207.0   -1.5
208.0   0.5
208.0   1.5
208.0   -0.5
208.0   -1.5
209.0   0.5
209.0   1.5
209.0   -0.5
209.0   -1.5
209.6   2.5
210.0   0.5
210.0   1.5
210.0   -1.5
210.6   2.5
210.6   -2.5
211.0   0.5
211.0   1.5
211.0   -0.5
211.0   -1.5
211.6   2.5
211.6   -2.5
212.0   0.5
212.0   1.5
212.0   -0.5
212.0   -1.5
212.6   2.5
212.6   -2.5
213.0   0.5
213.0   1.5
213.0   -0.5
213.0   -1.5
213.6   2.5
213.6   -2.5
214.0   0.5
214.0   1.5
214.0   -0.5
214.0   -1.5
214.6   2.5
214.6   -2.5
215.0   0.5
215.0   1.5
215.0   -0.5
215.0   -1.5
215.6   2.5
215.6   -2.5
216.0   0.5
216.0   1.5
216.0   -0.5
216.0   -1.5
216.6   2.5
216.6   -2.5
217.0   0.5
217.0   1.5
217.0   -0.5
217.0   -1.5
217.6   2.5
217.6   -2.5
218.0   0.5
218.0   1.5
218.0   -0.5
218.0   -1.5
218.6   2.5
218.6   -2.5
219.0   0.5
219.0   1.5
219.0   -0.5
219.0   -1.5
219.6   2.5
219.6   -2.5
220.0   0.5
220.0   1.5
220.0   -0.5
220.0   -1.5
220.6   2.5
220.6   -2.5
220.6   -3.5
221.0   0.5
221.0   1.5
221.0   -0.5
221.0   -1.5
221.6   2.5
221.6   -2.5
221.6   -3.5
222.0   0.5
222.0   1.5
222.0   -0.5
222.0   -1.5
222.6   2.5
222.6   -2.5
223.0   0.5
223.0   1.5
223.0   -0.5
223.0   -1.5
223.6   2.5
223.6   -2.5
224.0   0.5
224.0   1.5
224.0   -0.5
224.0   -1.5
224.6   2.5
224.6   -2.5
225.0   0.5
225.0   1.5
225.0   -0.5
225.0   -1.5
225.6   2.5
226.0   0.5
226.0   1.5
226.0   -0.5
226.0   -1.5
226.6   2.5
227.0   0.5
227.0   1.5
227.0   -0.5
227.0   -1.5
227.6   2.5
228.0   0.5
228.0   1.5
228.0   -0.5
228.0   -1.5
228.6   2.5
229.0   0.5
229.0   1.5
229.0   -0.5
229.0   -1.5
230.0   0.5
230.0   1.5
230.0   -0.5
230.0   -1.5
230.6   2.5
231.0   0.5
231.0   1.5
231.0   -0.5
231.0   -1.5
231.6   2.5
232.0   0.5
232.0   1.5
232.0   -0.5
232.0   -1.5
232.6   2.5
233.0   0.5
233.0   1.5
233.0   -0.5
233.0   -1.5
233.6   2.5
234.0   0.5
234.0   1.5
234.0   -0.5
234.0   -1.5
234.7   2.5
235.0   0.5
235.0   1.5
235.0   -0.5
235.0   -1.5
235.7   2.5
236.0   0.5
236.0   1.5
236.0   -0.5
236.0   -1.5
236.7   2.5
237.0   0.5
237.0   1.5
237.0   -0.5
237.0   -1.5
237.7   2.5
238.0   0.5
238.0   1.5
238.0   -0.5
238.0   -1.5
