0.0   -28.2
0.0   -29.2
0.0   -30.2
0.0   -31.2
0.0   -32.1
0.0   -33.1
0.0   -34.1
0.0   -35.1
10.3   -29.2
10.5   -31.2
10.6   -32.1
10.7   -33.1
10.8   -34.1
11.3   -28.2
11.4   -29.2
11.5   -30.2
11.7   -31.2
11.9   -33.1
12.0   -34.1
12.4   -28.2
12.5   -29.2
12.7   -30.2
12.8   -31.2
12.9   -32.1
13.1   -33.1
13.2   -34.1
13.5   -28.2
13.7   -29.2
13.8   -30.2
14.0   -31.2
14.1   -32.1
14.3   -33.1
14.4   -34.1
14.7   -28.2
14.8   -29.2
15.0   -30.2
15.1   -31.2
15.3   -32.1
15.4   -33.1
15.6   -34.1
15.8   -28.2
15.9   -29.2
16.1   -30.2
16.3   -31.2
16.5   -32.1
16.6   -33.1
16.8   -34.1
16.9   -28.2
17.1   -29.2
17.3   -30.2
17.5   -31.2
17.6   -32.1
17.8   -33.1
18.0   -34.1
18.1   -28.2
18.2   -29.2
18.4   -30.2
18.6   -31.2
18.8   -32.1
19.0   -33.1
19.2   -28.2
19.2   -34.1
19.4   -29.2
19.6   -30.2
19.8   -31.2
1.1   -28.2
1.1   -29.2
1.2   -30.2
1.2   -31.2
1.2   -32.1
1.2   -33.1
1.2   -34.1
1.2   -35.1
20.0   -32.1
20.2   -33.1
20.3   -28.2
20.4   -34.1
20.5   -29.2
20.7   -30.2
21.0   -31.2
21.2   -32.1
21.4   -28.2
21.4   -33.1
21.6   -29.2
21.6   -34.1
21.9   -30.2
22.1   -31.2
22.6   -28.2
22.6   -33.1
22.8   -29.2
22.8   -34.1
23.0   -30.2
23.9   -29.2
24.0   -34.1
24.2   -30.2
24.5   -31.2
24.7   -32.1
25.1   -29.2
25.2   -34.1
25.3   -30.2
26.2   -29.2
26.5   -30.2
27.3   -29.2
27.6   -30.2
28.8   -30.2
28.8   -34.1
29.1   -31.2
29.4   -32.1
29.6   -29.2
29.7   -33.1
29.9   -30.2
2.3   -29.2
2.3   -30.2
2.3   -31.2
2.4   -32.1
2.4   -33.1
2.4   -34.1
2.4   -35.1
30.0   -34.1
30.3   -31.2
30.5   -28.2
30.6   -32.1
30.9   -33.1
31.2   -34.1
31.5   -31.2
31.6   -28.2
31.8   -32.1
31.9   -29.2
329.4   -32.1
329.5   -28.2
329.6   -35.1
329.7   -27.2
329.7   -31.2
32.1   -33.1
32.2   -30.2
32.4   -34.1
32.6   -31.2
32.7   -28.2
32.9   -32.1
330.0   -34.1
330.1   -30.2
330.3   -33.1
330.4   -29.2
330.6   -32.1
330.8   -27.2
330.8   -35.1
330.9   -31.2
331.2   -30.2
331.2   -34.1
331.5   -29.2
331.5   -33.1
331.8   -28.2
331.8   -32.1
332.0   -27.2
332.0   -31.2
332.0   -35.1
332.4   -30.2
332.4   -34.1
332.7   -29.2
332.7   -33.1
332.9   -28.2
332.9   -32.1
333.2   -31.2
333.2   -35.1
333.5   -30.2
333.6   -34.1
333.8   -29.2
333.9   -33.1
334.0   -28.2
334.1   -32.1
334.2   -27.2
334.4   -31.2
334.5   -35.1
334.7   -30.2
334.8   -34.1
334.9   -29.2
335.0   -33.1
335.2   -28.2
335.3   -32.1
335.5   -31.2
335.7   -35.1
335.8   -30.2
336.0   -34.1
336.1   -29.2
336.2   -33.1
336.3   -28.2
336.5   -32.1
336.7   -31.2
336.9   -35.1
337.0   -30.2
337.2   -29.2
337.2   -34.1
337.4   -28.2
337.4   -33.1
337.6   -27.2
337.6   -32.1
337.9   -31.2
338.1   -30.2
338.1   -35.1
338.4   -29.2
338.4   -34.1
338.6   -28.2
338.6   -33.1
339.0   -31.2
339.3   -30.2
339.3   -35.1
339.5   -29.2
339.6   -34.1
339.7   -28.2
339.8   -33.1
33.3   -33.1
33.4   -30.2
33.6   -34.1
33.8   -31.2
33.9   -28.2
340.4   -30.2
340.5   -35.1
340.6   -29.2
340.8   -28.2
340.8   -34.1
341.0   -33.1
341.2   -32.1
341.4   -31.2
341.6   -30.2
341.8   -29.2
341.8   -35.1
342.0   -34.1
342.2   -33.1
342.4   -32.1
342.5   -31.2
342.7   -30.2
342.9   -29.2
343.0   -35.1
343.1   -28.2
343.2   -34.1
343.4   -33.1
343.7   -31.2
343.9   -30.2
344.1   -29.2
344.2   -35.1
344.4   -34.1
344.6   -33.1
344.7   -32.1
344.9   -31.2
345.0   -30.2
345.2   -29.2
345.3   -28.2
345.4   -35.1
345.6   -34.1
345.7   -33.1
345.9   -32.1
346.0   -31.2
346.2   -30.2
346.3   -29.2
346.5   -28.2
346.6   -35.1
346.8   -34.1
346.9   -33.1
347.1   -32.1
347.2   -31.2
347.3   -30.2
347.5   -29.2
347.8   -35.1
348.0   -34.1
348.1   -33.1
348.2   -32.1
348.3   -31.2
348.5   -30.2
348.6   -29.2
348.7   -28.2
349.1   -35.1
349.2   -34.1
349.3   -33.1
349.4   -32.1
349.5   -31.2
349.6   -30.2
349.7   -29.2
349.8   -28.2
34.1   -32.1
34.2   -29.2
34.5   -30.2
34.5   -33.1
34.8   -34.1
350.3   -35.1
350.4   -34.1
350.5   -33.1
350.6   -32.1
350.7   -31.2
350.8   -30.2
350.9   -29.2
351.0   -28.2
351.5   -35.1
351.6   -34.1
351.7   -33.1
351.8   -31.2
351.8   -32.1
351.9   -30.2
352.0   -29.2
352.1   -28.2
352.7   -35.1
352.8   -34.1
352.9   -32.1
352.9   -33.1
353.0   -31.2
353.1   -30.2
353.2   -28.2
353.2   -29.2
353.9   -35.1
354.0   -34.1
354.1   -32.1
354.1   -33.1
354.2   -30.2
354.2   -31.2
354.3   -29.2
354.4   -28.2
355.1   -35.1
355.2   -33.1
355.2   -34.1
355.3   -31.2
355.3   -32.1
355.4   -29.2
355.4   -30.2
355.5   -28.2
356.4   -33.1
356.4   -34.1
356.4   -35.1
356.5   -31.2
356.5   -32.1
356.6   -28.2
356.6   -29.2
357.6   -32.1
357.6   -33.1
357.6   -34.1
357.6   -35.1
357.7   -29.2
357.7   -30.2
357.7   -31.2
358.8   -30.2
358.8   -31.2
358.8   -32.1
358.8   -33.1
358.8   -34.1
358.8   -35.1
358.9   -28.2
358.9   -29.2
35.0   -31.2
35.3   -29.2
35.3   -32.1
35.6   -33.1
36.0   -34.1
36.1   -28.2
36.1   -31.2
36.5   -32.1
36.8   -30.2
36.8   -33.1
37.2   -28.2
37.2   -34.1
37.3   -31.2
37.6   -29.2
37.6   -32.1
38.0   -30.2
38.0   -33.1
38.4   -31.2
38.4   -34.1
38.7   -29.2
38.8   -32.1
39.1   -30.2
39.2   -33.1
39.5   -28.2
39.6   -31.2
39.9   -29.2
3.4   -29.2
3.5   -30.2
3.5   -31.2
3.5   -32.1
3.6   -33.1
3.6   -34.1
3.6   -35.1
40.0   -32.1
40.3   -30.2
40.4   -33.1
40.6   -28.2
40.8   -31.2
40.8   -34.1
41.0   -29.2
41.2   -32.1
41.4   -30.2
41.6   -33.1
41.8   -28.2
41.9   -31.2
42.0   -34.1
42.2   -29.2
42.4   -32.1
42.6   -30.2
42.8   -33.1
43.1   -31.2
43.2   -34.1
43.3   -29.2
43.5   -32.1
43.7   -30.2
43.8   -35.1
44.0   -28.2
44.0   -33.1
44.3   -31.2
44.4   -34.1
44.7   -32.1
44.9   -27.2
44.9   -30.2
45.0   -35.1
45.1   -28.2
45.1   -33.1
45.4   -31.2
45.6   -26.2
45.6   -29.2
45.6   -34.1
45.9   -32.1
46.0   -27.2
46.0   -30.2
46.2   -35.1
46.3   -28.2
46.3   -33.1
46.6   -31.2
46.7   -26.2
46.7   -29.2
46.8   -34.1
47.1   -27.2
47.1   -32.1
47.2   -30.2
47.4   -28.2
47.4   -35.1
47.5   -33.1
47.8   -26.2
47.8   -29.2
47.8   -31.2
48.0   -34.1
48.2   -32.1
48.3   -30.2
48.5   -28.2
48.6   -35.1
48.7   -33.1
48.9   -26.2
48.9   -31.2
49.2   -34.1
49.3   -27.2
49.4   -32.1
49.5   -30.2
49.7   -28.2
49.9   -33.1
49.9   -35.1
4.5   -28.2
4.6   -29.2
4.6   -30.2
4.7   -31.2
4.7   -32.1
4.8   -33.1
4.8   -34.1
50.0   -26.2
50.1   -29.2
50.1   -31.2
50.4   -34.1
50.5   -27.2
50.6   -30.2
50.6   -32.1
50.8   -28.2
51.1   -26.2
51.1   -33.1
51.1   -35.1
51.3   -29.2
51.3   -31.2
51.6   -27.2
51.6   -34.1
51.8   -30.2
51.8   -32.1
51.9   -28.2
52.2   -26.2
52.3   -33.1
52.3   -35.1
52.4   -29.2
52.4   -31.2
52.7   -27.2
52.8   -34.1
52.9   -30.2
52.9   -32.1
53.0   -28.2
53.3   -26.2
53.5   -29.2
53.5   -33.1
53.5   -35.1
5.6   -28.2
5.7   -29.2
5.8   -30.2
5.8   -31.2
5.9   -32.1
5.9   -33.1
6.0   -34.1
6.8   -28.2
6.8   -29.2
6.9   -30.2
7.0   -31.2
7.1   -32.1
7.2   -34.1
7.9   -28.2
8.0   -29.2
8.1   -30.2
8.2   -31.2
8.2   -32.1
8.3   -33.1
8.4   -34.1
9.0   -28.2
9.1   -29.2
9.2   -30.2
9.3   -31.2
9.4   -32.1
9.5   -33.1
