OMEGACAM_37p2_0p5 36.5 37.9 -0.2 1.2
OMEGACAM_352p0_0p0 351.3 352.5 -0.7 0.7
OMEGACAM_353p0_0p0 352.5 353.7 -0.7 0.7
OMEGACAM_36p7_m4p6 36.1000344931473 37.0999655068527 -5.2 -3.8
OMEGACAM_31p7_m4p6 30.9 32.1 -5.3 -3.9
OMEGACAM_32p7_m4p6 32.1 33.1 -5.3 -3.9
OMEGACAM_33p7_m4p6 33.1 34.0498689701587 -5.3 -3.9
OMEGACAM_34p5_m5p0 34.0498689701587 35.0501601492208 -5.7 -4.80000241591758
OMEGACAM_34p6_m4p6 34.1 35.1 -4.80000241591759 -3.9
OMEGACAM_35p7_m4p6 35.1 36.1000344931473 -5.3 -3.9
OMEGACAM_37p7_m4p6 37.0999655068527 38.3 -5.3 -3.9
OMEGACAM_151p1_2p0 150.600031786076 151.8 1.3 2.7
OMEGACAM_209p4_5p1 208.7 209.9 4.4 5.8
OMEGACAM_210p4_5p1 209.9 211.1 4.4 5.8
OMEGACAM_330p5_1p9 329.8 331 1.2 2.6
OMEGACAM_331p5_1p9 331 332 1.2 2.6
OMEGACAM_332p5_1p9 332 333 1.2 2.6
OMEGACAM_333p5_1p9 333 334 1.40000965351241 2.6
OMEGACAM_334p0_m0p2 333.2 334.4 -0.8 0.400000305866305
OMEGACAM_334p0_0p9 333.200148304716 334.4 0.400000305866305 1.40000965351241
OMEGACAM_334p5_1p9 334 335.2 1.40002038284533 2.6
OMEGACAM_335p0_m0p1 334.4 335.6 -0.8 0.400000305866305
OMEGACAM_335p0_0p9 334.4 335.6 0.400000305866305 1.40000965351241
